35,6
36,4
35,5
34,1
34,3
35,1
35,3
51,52
51,51
51,50
51,49
51,48
51,47
51,46
51,45
51,44
51,43
51,42
51,41
51,40
51,39
51,38
51,37
51,36
36,1
36,3
51,35
0,273
0,270
3,2
3,1
3,3
10,204
10,270
10,192
10,66
10,24
10,246
10,88
10,1
10,106
10,2
10,3
11,20
11,23
11,12
11,18
11,10
11,6
11,1
11,5
11,2
11,3
9,7
9,6
9,1
9,4
9,2
9,3
8,4
8,17
8,9
8,11
8,1
8,6
8,2
8,3
12,2
12,1
12,3
50,5
50,4
50,3
20,2
50,2
20,1
50,1
20,3
50,0
49,5
49,4
49,3
49,2
49,1
49,0
48,6
48,5
48,4
48,3
48,2
19,2
48,1
19,1
48,0
19,3
47,4
47,3
47,2
47,1
47,0
46,3
46,2
46,1
46,0
45,5
45,4
45,3
